The description | 25/12/0000 
-250,0.737647
-249,0.685882
-248,0.789412
-247,0.789412
-246,0.841176
-245,0.892941
-244,0.996471
-243,1.04824
-242,1.1
-241,1.20353
-240,1.25529
-239,1.41059
-238,1.46235
-237,1.61765
-236,1.61765
-235,1.82471
-234,1.82471
-233,2.03176
-232,1.98
-231,2.23882
-230,2.18706
-229,2.34235
-228,2.34235
-227,2.49765
-226,2.44588
-225,2.65294
-224,2.54941
-223,2.75647
-222,2.60118
-221,2.80824
-220,2.65294
-219,2.75647
-218,2.60118
-217,2.70471
-216,2.54941
-215,2.60118
-214,2.44588
-213,2.44588
-212,2.29059
-211,2.23882
-210,2.13529
-209,2.08353
-208,1.92824
-207,1.87647
-206,1.77294
-205,1.66941
-204,1.56588
-203,1.46235
-202,1.35882
-201,1.30706
-200,1.20353
-199,1.15176
-198,1.04824
-197,0.996471
-196,0.892941
-195,0.892941
-194,0.789412
-193,0.789412
-192,0.737647
-191,0.789412
-190,0.789412
-189,0.789412
-188,0.841176
-187,0.789412
-186,0.892941
-185,0.892941
-184,0.996471
-183,0.996471
-182,1.15176
-181,1.1
-180,1.30706
-179,1.25529
-178,1.51412
-177,1.46235
-176,1.72118
-175,1.61765
-174,1.87647
-173,1.82471
-172,2.08353
-171,2.03176
-170,2.23882
-169,2.18706
-168,2.44588
-167,2.29059
-166,2.60118
-165,2.44588
-164,2.70471
-163,2.54941
-162,2.75647
-161,2.60118
-160,2.75647
-159,2.60118
-158,2.75647
-157,2.60118
-156,2.70471
-155,2.54941
-154,2.60118
-153,2.49765
-152,2.49765
-151,2.34235
-150,2.34235
-149,2.23882
-148,2.18706
-147,2.03176
-146,1.98
-145,1.87647
-144,1.82471
-143,1.66941
-142,1.61765
-141,1.51412
-140,1.41059
-139,1.30706
-138,1.25529
-137,1.15176
-136,1.04824
-135,0.996471
-134,0.944706
-133,0.944706
-132,0.841176
-131,0.892941
-130,0.737647
-129,0.841176
-128,0.737647
-127,0.841176
-126,0.737647
-125,0.892941
-124,0.737647
-123,0.944706
-122,0.841176
-121,1.04824
-120,0.944706
-119,1.20353
-118,1.1
-117,1.30706
-116,1.25529
-115,1.51412
-114,1.41059
-113,1.72118
-112,1.56588
-111,1.92824
-110,1.77294
-109,2.13529
-108,1.92824
-107,2.29059
-106,2.13529
-105,2.39412
-104,2.29059
-103,2.54941
-102,2.44588
-101,2.60118
-100,2.54941
-99,2.70471
-98,2.65294
-97,2.70471
-96,2.65294
-95,2.70471
-94,2.65294
-93,2.65294
-92,2.60118
-91,2.54941
-90,2.44588
-89,2.44588
-88,2.34235
-87,2.29059
-86,2.18706
-85,2.13529
-84,2.03176
-83,1.98
-82,1.82471
-81,1.77294
-80,1.72118
-79,1.56588
-78,1.46235
-77,1.35882
-76,1.30706
-75,1.20353
-74,1.15176
-73,1.04824
-72,0.996471
-71,0.892941
-70,0.892941
-69,0.789412
-68,0.789412
-67,0.737647
-66,0.789412
-65,0.685882
-64,0.789412
-63,0.685882
-62,0.841176
-61,0.737647
-60,0.892941
-59,0.789412
-58,0.996471
-57,0.892941
-56,1.15176
-55,1.04824
-54,1.30706
-53,1.20353
-52,1.46235
-51,1.46235
-50,1.66941
-49,1.66941
-48,1.87647
-47,1.87647
-46,2.03176
-45,2.03176
-44,2.18706
-43,2.23882
-42,2.34235
-41,2.34235
-40,2.44588
-39,2.49765
-38,2.49765
-37,2.54941
-36,2.54941
-35,2.54941
-34,2.54941
-33,2.54941
-32,2.49765
-31,2.49765
-30,2.39412
-29,2.39412
-28,2.29059
-27,2.29059
-26,2.18706
-25,2.18706
-24,1.98
-23,1.92824
-22,1.82471
-21,1.72118
-20,1.61765
-19,1.56588
-18,1.46235
-17,1.35882
-16,1.25529
-15,1.20353
-14,1.1
-13,0.996471
-12,0.944706
-11,0.892941
-10,0.789412
-9,0.789412
-8,0.685882
-7,0.737647
-6,0.634118
-5,0.685882
-4,0.582353
-3,0.685882
-2,0.634118
-1,0.737647
0,0.634118
1,0.841176
2,0.737647
3,0.944706
4,0.892941
5,1.04824
6,1.04824
7,1.20353
8,1.25529
9,1.41059
10,1.46235
11,1.56588
12,1.66941
13,1.77294
14,1.87647
15,1.98
16,2.08353
17,2.13529
18,2.29059
19,2.29059
20,2.44588
21,2.39412
22,2.49765
23,2.54941
24,2.60118
25,2.60118
26,2.70471
27,2.60118
28,2.70471
29,2.60118
30,2.70471
31,2.54941
32,2.65294
33,2.49765
34,2.49765
35,2.34235
36,2.34235
37,2.23882
38,2.18706
39,2.03176
40,1.98
41,1.87647
42,1.77294
43,1.66941
44,1.61765
45,1.51412
46,1.41059
47,1.30706
48,1.20353
49,1.15176
50,1.1
51,0.996471
52,0.944706
53,0.841176
54,0.841176
55,0.737647
56,0.737647
57,0.685882
58,0.737647
59,0.634118
60,0.737647
61,0.634118
62,0.789412
63,0.789412
64,0.841176
65,0.892941
66,0.944706
67,1.04824
68,1.1
69,1.20353
70,1.25529
71,1.41059
72,1.41059
73,1.56588
74,1.61765
75,1.77294
76,1.77294
77,1.98
78,1.98
79,2.13529
80,2.13529
81,2.34235
82,2.29059
83,2.49765
84,2.44588
85,2.60118
86,2.54941
87,2.70471
88,2.60118
89,2.80824
90,2.60118
91,2.75647
92,2.60118
93,2.70471
94,2.54941
95,2.60118
96,2.49765
97,2.49765
98,2.34235
99,2.34235
100,2.23882
101,2.18706
102,2.03176
103,1.98
104,1.87647
105,1.77294
106,1.66941
107,1.61765
108,1.51412
109,1.41059
110,1.30706
111,1.25529
112,1.15176
113,1.04824
114,0.996471
115,0.944706
116,0.841176
117,0.841176
118,0.737647
119,0.737647
120,0.737647
121,0.737647
122,0.789412
123,0.737647
124,0.841176
125,0.841176
126,0.944706
127,0.944706
128,1.1
129,1.04824
130,1.25529
131,1.20353
132,1.46235
133,1.41059
134,1.61765
135,1.61765
136,1.82471
137,1.77294
138,2.03176
139,1.98
140,2.23882
141,2.13529
142,2.39412
143,2.29059
144,2.54941
145,2.39412
146,2.70471
147,2.49765
148,2.70471
149,2.54941
150,2.70471
151,2.60118
152,2.70471
153,2.60118
154,2.65294
155,2.54941
156,2.60118
157,2.44588
158,2.44588
159,2.34235
160,2.34235
161,2.18706
162,2.18706
163,2.03176
164,1.98
165,1.87647
166,1.77294
167,1.66941
168,1.56588
169,1.46235
170,1.41059
171,1.30706
172,1.20353
173,1.1
174,1.04824
175,0.944706
176,0.892941
177,0.944706
178,0.789412
179,0.841176
180,0.737647
181,0.841176
182,0.685882
183,0.841176
184,0.685882
185,0.892941
186,0.737647
187,0.944706
188,0.841176
189,1.04824
190,0.944706
191,1.15176
192,1.04824
193,1.30706
194,1.20353
195,1.51412
196,1.41059
197,1.72118
198,1.56588
199,1.92824
200,1.77294
201,2.08353
202,1.92824
203,2.29059
204,2.08353
205,2.39412
206,2.23882
207,2.49765
208,2.44588
209,2.60118
210,2.54941
211,2.65294
212,2.60118
213,2.70471
214,2.65294
215,2.70471
216,2.65294
217,2.65294
218,2.54941
219,2.54941
220,2.44588
221,2.44588
222,2.34235
223,2.29059
224,2.18706
225,2.13529
226,2.03176
227,1.98
228,1.82471
229,1.77294
230,1.72118
231,1.56588
232,1.46235
233,1.35882
234,1.30706
235,1.20353
236,1.15176
237,1.04824
238,0.996471
239,0.892941
240,0.892941
241,0.789412
242,0.789412
243,0.737647
244,0.789412
245,0.685882
246,0.789412
247,0.685882
248,0.841176
249,0.737647
